[0.05458592 0.0014035  0.00065553 0.00065553 0.00140349 0.00007227
 0.00000201 0.00000201 0.00065553 0.00000201 0.00000088 0.00000088
 0.00065553 0.00000201 0.00000088 0.00000088 0.00140338 0.0000104
 0.0000019  0.0000019  0.00000625 0.00074899 0.00000102 0.00000102
 0.00000189 0.00000103 0.         0.         0.00000189 0.00000103
 0.         0.         0.00065553 0.0000019  0.00000088 0.00000088
 0.00000189 0.00000114 0.         0.         0.00000088 0.
 0.         0.         0.00000088 0.         0.         0.
 0.00065553 0.0000019  0.00000088 0.00000088 0.00000189 0.00000114
 0.         0.         0.00000088 0.         0.         0.
 0.00000088 0.         0.         0.         0.00065452 0.00000189
 0.00000088 0.00000088 0.00000189 0.00000013 0.         0.
 0.00000088 0.         0.         0.         0.00000088 0.
 0.         0.         0.00000189 0.00000002 0.         0.
 0.00000001 0.00000101 0.         0.         0.         0.
 0.         0.         0.         0.         0.         0.
 0.00000088 0.         0.         0.         0.         0.
 0.         0.         0.         0.         0.         0.
 0.         0.         0.         0.         0.00000088 0.
 0.         0.         0.         0.         0.         0.
 0.         0.         0.         0.         0.         0.
 0.         0.         0.00065452 0.00000189 0.00000088 0.00000088
 0.00000189 0.00000013 0.         0.         0.00000088 0.
 0.         0.         0.00000088 0.         0.         0.
 0.00000189 0.00000002 0.         0.         0.00000001 0.00000101
 0.         0.         0.         0.         0.         0.
 0.         0.         0.         0.         0.00000088 0.
 0.         0.         0.         0.         0.         0.
 0.         0.         0.         0.         0.         0.
 0.         0.         0.00000088 0.         0.         0.
 0.         0.         0.         0.         0.         0.
 0.         0.         0.         0.         0.         0.
 0.00065452 0.00000189 0.00000088 0.00000088 0.00000189 0.00000013
 0.         0.         0.00000088 0.         0.         0.
 0.00000088 0.         0.         0.         0.00000189 0.00000002
 0.         0.         0.00000001 0.00000101 0.         0.
 0.         0.         0.         0.         0.         0.
 0.         0.         0.00000088 0.         0.         0.
 0.         0.         0.         0.         0.         0.
 0.         0.         0.         0.         0.         0.
 0.00000088 0.         0.         0.         0.         0.
 0.         0.         0.         0.         0.         0.
 0.         0.         0.         0.        ]
