[0.94672286 0.0008531  0.00039599 0.00039599 0.00085309 0.00007313
 0.00000072 0.00000072 0.00039599 0.00000072 0.00000032 0.00000032
 0.00039599 0.00000072 0.00000032 0.00000032 0.00085305 0.00000802
 0.00000068 0.00000068 0.00000223 0.00045747 0.00000036 0.00000036
 0.00000068 0.00000037 0.         0.         0.00000068 0.00000037
 0.         0.         0.00039599 0.00000068 0.00000032 0.00000032
 0.00000068 0.00000041 0.         0.         0.00000032 0.
 0.         0.         0.00000032 0.         0.         0.
 0.00039599 0.00000068 0.00000032 0.00000032 0.00000068 0.00000041
 0.         0.         0.00000032 0.         0.         0.
 0.00000032 0.         0.         0.         0.00039563 0.00000068
 0.00000032 0.00000032 0.00000068 0.00000004 0.         0.
 0.00000032 0.         0.         0.         0.00000032 0.
 0.         0.         0.00000068 0.00000001 0.         0.
 0.         0.00000036 0.         0.         0.         0.
 0.         0.         0.         0.         0.         0.
 0.00000032 0.         0.         0.         0.         0.
 0.         0.         0.         0.         0.         0.
 0.         0.         0.         0.         0.00000032 0.
 0.         0.         0.         0.         0.         0.
 0.         0.         0.         0.         0.         0.
 0.         0.         0.00039563 0.00000068 0.00000032 0.00000032
 0.00000068 0.00000004 0.         0.         0.00000032 0.
 0.         0.         0.00000032 0.         0.         0.
 0.00000068 0.00000001 0.         0.         0.         0.00000036
 0.         0.         0.         0.         0.         0.
 0.         0.         0.         0.         0.00000032 0.
 0.         0.         0.         0.         0.         0.
 0.         0.         0.         0.         0.         0.
 0.         0.         0.00000032 0.         0.         0.
 0.         0.         0.         0.         0.         0.
 0.         0.         0.         0.         0.         0.
 0.00039563 0.00000068 0.00000032 0.00000032 0.00000068 0.00000004
 0.         0.         0.00000032 0.         0.         0.
 0.00000032 0.         0.         0.         0.00000068 0.00000001
 0.         0.         0.         0.00000036 0.         0.
 0.         0.         0.         0.         0.         0.
 0.         0.         0.00000032 0.         0.         0.
 0.         0.         0.         0.         0.         0.
 0.         0.         0.         0.         0.         0.
 0.00000032 0.         0.         0.         0.         0.
 0.         0.         0.         0.         0.         0.
 0.         0.         0.         0.        ]
