[0.92326034 0.00141864 0.00065553 0.00065553 0.00141863 0.00011699
 0.00000201 0.00000201 0.00065553 0.00000201 0.00000088 0.00000088
 0.00065553 0.00000201 0.00000088 0.00000088 0.00141852 0.00001552
 0.0000019  0.0000019  0.00000625 0.00076413 0.00000102 0.00000102
 0.00000189 0.00000103 0.         0.         0.00000189 0.00000103
 0.         0.         0.00065553 0.0000019  0.00000088 0.00000088
 0.00000189 0.00000114 0.         0.         0.00000088 0.
 0.         0.         0.00000088 0.         0.         0.
 0.00065553 0.0000019  0.00000088 0.00000088 0.00000189 0.00000114
 0.         0.         0.00000088 0.         0.         0.
 0.00000088 0.         0.         0.         0.00065452 0.00000189
 0.00000088 0.00000088 0.00000189 0.00000013 0.         0.
 0.00000088 0.         0.         0.         0.00000088 0.
 0.         0.         0.00000189 0.00000002 0.         0.
 0.00000001 0.00000101 0.         0.         0.         0.
 0.         0.         0.         0.         0.         0.
 0.00000088 0.         0.         0.         0.         0.
 0.         0.         0.         0.         0.         0.
 0.         0.         0.         0.         0.00000088 0.
 0.         0.         0.         0.         0.         0.
 0.         0.         0.         0.         0.         0.
 0.         0.         0.00065452 0.00000189 0.00000088 0.00000088
 0.00000189 0.00000013 0.         0.         0.00000088 0.
 0.         0.         0.00000088 0.         0.         0.
 0.00000189 0.00000002 0.         0.         0.00000001 0.00000101
 0.         0.         0.         0.         0.         0.
 0.         0.         0.         0.         0.00000088 0.
 0.         0.         0.         0.         0.         0.
 0.         0.         0.         0.         0.         0.
 0.         0.         0.00000088 0.         0.         0.
 0.         0.         0.         0.         0.         0.
 0.         0.         0.         0.         0.         0.
 0.00065452 0.00000189 0.00000088 0.00000088 0.00000189 0.00000013
 0.         0.         0.00000088 0.         0.         0.
 0.00000088 0.         0.         0.         0.00000189 0.00000002
 0.         0.         0.00000001 0.00000101 0.         0.
 0.         0.         0.         0.         0.         0.
 0.         0.         0.00000088 0.         0.         0.
 0.         0.         0.         0.         0.         0.
 0.         0.         0.         0.         0.         0.
 0.00000088 0.         0.         0.         0.         0.
 0.         0.         0.         0.         0.         0.
 0.         0.         0.         0.        ]
