[0.0399827  0.00084165 0.00039599 0.00039599 0.00084165 0.00003586
 0.00000072 0.00000072 0.00039599 0.00000072 0.00000032 0.00000032
 0.00039599 0.00000072 0.00000032 0.00000032 0.00084161 0.00000451
 0.00000068 0.00000068 0.00000223 0.00044602 0.00000036 0.00000036
 0.00000068 0.00000037 0.         0.         0.00000068 0.00000037
 0.         0.         0.00039599 0.00000068 0.00000032 0.00000032
 0.00000068 0.00000041 0.         0.         0.00000032 0.
 0.         0.         0.00000032 0.         0.         0.
 0.00039599 0.00000068 0.00000032 0.00000032 0.00000068 0.00000041
 0.         0.         0.00000032 0.         0.         0.
 0.00000032 0.         0.         0.         0.00039563 0.00000068
 0.00000032 0.00000032 0.00000068 0.00000004 0.         0.
 0.00000032 0.         0.         0.         0.00000032 0.
 0.         0.         0.00000068 0.00000001 0.         0.
 0.         0.00000036 0.         0.         0.         0.
 0.         0.         0.         0.         0.         0.
 0.00000032 0.         0.         0.         0.         0.
 0.         0.         0.         0.         0.         0.
 0.         0.         0.         0.         0.00000032 0.
 0.         0.         0.         0.         0.         0.
 0.         0.         0.         0.         0.         0.
 0.         0.         0.00039563 0.00000068 0.00000032 0.00000032
 0.00000068 0.00000004 0.         0.         0.00000032 0.
 0.         0.         0.00000032 0.         0.         0.
 0.00000068 0.00000001 0.         0.         0.         0.00000036
 0.         0.         0.         0.         0.         0.
 0.         0.         0.         0.         0.00000032 0.
 0.         0.         0.         0.         0.         0.
 0.         0.         0.         0.         0.         0.
 0.         0.         0.00000032 0.         0.         0.
 0.         0.         0.         0.         0.         0.
 0.         0.         0.         0.         0.         0.
 0.00039563 0.00000068 0.00000032 0.00000032 0.00000068 0.00000004
 0.         0.         0.00000032 0.         0.         0.
 0.00000032 0.         0.         0.         0.00000068 0.00000001
 0.         0.         0.         0.00000036 0.         0.
 0.         0.         0.         0.         0.         0.
 0.         0.         0.00000032 0.         0.         0.
 0.         0.         0.         0.         0.         0.
 0.         0.         0.         0.         0.         0.
 0.00000032 0.         0.         0.         0.         0.
 0.         0.         0.         0.         0.         0.
 0.         0.         0.         0.        ]
