[0.05611403 0.0016786  0.00078415 0.00078415 0.00167858 0.00004854
 0.00000278 0.00000278 0.00078415 0.00000278 0.00000126 0.00000126
 0.00078415 0.00000278 0.00000126 0.00000126 0.00167853 0.00001427
 0.00000273 0.00000273 0.00000891 0.0008959  0.00000146 0.00000146
 0.00000271 0.00000147 0.00000001 0.00000001 0.00000271 0.00000147
 0.00000001 0.00000001 0.00078415 0.00000273 0.00000126 0.00000126
 0.00000271 0.00000152 0.00000001 0.00000001 0.00000126 0.00000001
 0.         0.         0.00000126 0.00000001 0.         0.
 0.00078415 0.00000273 0.00000126 0.00000126 0.00000271 0.00000152
 0.00000001 0.00000001 0.00000126 0.00000001 0.         0.
 0.00000126 0.00000001 0.         0.         0.00078271 0.0000027
 0.00000126 0.00000126 0.0000027  0.00000008 0.         0.
 0.00000126 0.         0.         0.         0.00000126 0.
 0.         0.         0.0000027  0.00000003 0.         0.
 0.00000001 0.00000144 0.         0.         0.         0.
 0.         0.         0.         0.         0.         0.
 0.00000126 0.         0.         0.         0.         0.
 0.         0.         0.         0.         0.         0.
 0.         0.         0.         0.         0.00000126 0.
 0.         0.         0.         0.         0.         0.
 0.         0.         0.         0.         0.         0.
 0.         0.         0.00078271 0.0000027  0.00000126 0.00000126
 0.0000027  0.00000008 0.         0.         0.00000126 0.
 0.         0.         0.00000126 0.         0.         0.
 0.0000027  0.00000003 0.         0.         0.00000001 0.00000144
 0.         0.         0.         0.         0.         0.
 0.         0.         0.         0.         0.00000126 0.
 0.         0.         0.         0.         0.         0.
 0.         0.         0.         0.         0.         0.
 0.         0.         0.00000126 0.         0.         0.
 0.         0.         0.         0.         0.         0.
 0.         0.         0.         0.         0.         0.
 0.00078271 0.0000027  0.00000126 0.00000126 0.0000027  0.00000008
 0.         0.         0.00000126 0.         0.         0.
 0.00000126 0.         0.         0.         0.0000027  0.00000003
 0.         0.         0.00000001 0.00000144 0.         0.
 0.         0.         0.         0.         0.         0.
 0.         0.         0.00000126 0.         0.         0.
 0.         0.         0.         0.         0.         0.
 0.         0.         0.         0.         0.         0.
 0.00000126 0.         0.         0.         0.         0.
 0.         0.         0.         0.         0.         0.
 0.         0.         0.         0.        ]
