[0.9175735  0.00168388 0.00078415 0.00078415 0.00168387 0.00005306
 0.00000278 0.00000278 0.00078415 0.00000278 0.00000126 0.00000126
 0.00078415 0.00000278 0.00000126 0.00000126 0.00168381 0.00002045
 0.00000273 0.00000273 0.00000891 0.00090119 0.00000146 0.00000146
 0.00000271 0.00000147 0.00000001 0.00000001 0.00000271 0.00000147
 0.00000001 0.00000001 0.00078415 0.00000273 0.00000126 0.00000126
 0.00000271 0.00000152 0.00000001 0.00000001 0.00000126 0.00000001
 0.         0.         0.00000126 0.00000001 0.         0.
 0.00078415 0.00000273 0.00000126 0.00000126 0.00000271 0.00000152
 0.00000001 0.00000001 0.00000126 0.00000001 0.         0.
 0.00000126 0.00000001 0.         0.         0.00078271 0.0000027
 0.00000126 0.00000126 0.0000027  0.00000008 0.         0.
 0.00000126 0.         0.         0.         0.00000126 0.
 0.         0.         0.0000027  0.00000003 0.         0.
 0.00000001 0.00000144 0.         0.         0.         0.
 0.         0.         0.         0.         0.         0.
 0.00000126 0.         0.         0.         0.         0.
 0.         0.         0.         0.         0.         0.
 0.         0.         0.         0.         0.00000126 0.
 0.         0.         0.         0.         0.         0.
 0.         0.         0.         0.         0.         0.
 0.         0.         0.00078271 0.0000027  0.00000126 0.00000126
 0.0000027  0.00000008 0.         0.         0.00000126 0.
 0.         0.         0.00000126 0.         0.         0.
 0.0000027  0.00000003 0.         0.         0.00000001 0.00000144
 0.         0.         0.         0.         0.         0.
 0.         0.         0.         0.         0.00000126 0.
 0.         0.         0.         0.         0.         0.
 0.         0.         0.         0.         0.         0.
 0.         0.         0.00000126 0.         0.         0.
 0.         0.         0.         0.         0.         0.
 0.         0.         0.         0.         0.         0.
 0.00078271 0.0000027  0.00000126 0.00000126 0.0000027  0.00000008
 0.         0.         0.00000126 0.         0.         0.
 0.00000126 0.         0.         0.         0.0000027  0.00000003
 0.         0.         0.00000001 0.00000144 0.         0.
 0.         0.         0.         0.         0.         0.
 0.         0.         0.00000126 0.         0.         0.
 0.         0.         0.         0.         0.         0.
 0.         0.         0.         0.         0.         0.
 0.00000126 0.         0.         0.         0.         0.
 0.         0.         0.         0.         0.         0.
 0.         0.         0.         0.        ]
